70
62 10 6
65 60 5
63 43 4
86 28 5
50 47 5
74 24 4
51 8 5
16 13 3
3 2 5
5 4 2
60 56 2
75 11 8
49 48 8
64 3 5
51 17 10
50 39 5
28 12 9
91 3 5
100 97 8
62 45 5
66 36 9
24 5 7
45 40 3
52 29 10
32 30 6
50 21 9
8 3 6
31 27 4
90 53 10
41 35 3
19 15 8
49 35 8
34 25 3
32 6 10
18 4 3
65 58 4
5 2 2
92 85 9
24 19 3
83 63 3
29 14 8
44 42 4
50 45 8
93 39 3
71 61 8
64 39 4
37 14 4
40 28 8
49 26 10
89 41 4
38 33 9
13 9 9
56 2 3
100 48 4
23 20 5
93 29 10
78 29 3
95 48 6
81 34 4
62 45 7
75 28 2
43 38 10
15 14 4
94 90 9
16 5 9
66 58 3
20 17 2
20 15 6
72 9 2
10 6 3
