7
100 1 10
100
8 1 95 1
99 1 80 1
77 1 45 1
22 1 64 1
63 1 65 1
93 1 14 1
26 1 23 1
23 1 33 1
81 1 52 1
33 1 49 1
99 1 56 1
56 1 63 1
1 1 31 1
5 1 95 1
12 1 72 1
33 1 81 1
73 1 53 1
30 1 92 1
1 1 12 1
57 1 60 1
87 1 48 1
50 1 2 1
65 1 15 1
38 1 77 1
56 1 52 1
16 1 91 1
56 1 50 1
90 1 67 1
34 1 27 1
55 1 96 1
7 1 29 1
72 1 17 1
26 1 40 1
94 1 87 1
61 1 31 1
69 1 48 1
82 1 5 1
99 1 28 1
30 1 20 1
54 1 67 1
30 1 89 1
89 1 78 1
99 1 24 1
50 1 48 1
2 1 14 1
65 1 98 1
8 1 30 1
57 1 15 1
8 1 29 1
97 1 40 1
41 1 74 1
14 1 5 1
10 1 70 1
8 1 52 1
3 1 48 1
76 1 77 1
11 1 86 1
41 1 74 1
83 1 28 1
87 1 5 1
100 1 41 1
15 1 53 1
38 1 82 1
2 1 96 1
53 1 75 1
50 1 25 1
82 1 27 1
61 1 24 1
34 1 92 1
13 1 60 1
44 1 33 1
29 1 44 1
3 1 45 1
25 1 58 1
97 1 86 1
69 1 55 1
44 1 52 1
14 1 72 1
23 1 94 1
96 1 85 1
96 1 30 1
18 1 74 1
76 1 21 1
57 1 91 1
88 1 6 1
56 1 48 1
89 1 46 1
1 1 40 1
67 1 9 1
4 1 57 1
51 1 55 1
50 1 90 1
62 1 19 1
69 1 8 1
19 1 98 1
62 1 48 1
83 1 11 1
53 1 72 1
29 1 76 1
44 1 87 1
5 5 10
100
2 3 5 4
3 3 1 5
4 4 5 2
5 2 5 5
5 4 4 4
5 5 4 3
5 3 5 2
4 5 4 4
1 1 3 4
2 4 3 3
2 5 5 2
4 4 3 2
1 3 2 2
5 5 3 1
3 4 2 2
4 3 1 4
5 4 5 5
5 3 5 2
3 1 5 3
2 4 4 3
1 2 3 4
3 4 2 5
3 1 5 4
3 4 4 4
3 2 1 3
1 2 5 1
5 2 5 4
5 3 5 5
3 3 2 3
3 2 4 2
4 4 2 5
1 1 5 1
5 3 1 4
5 1 4 5
2 2 5 1
2 4 3 5
5 5 4 5
5 5 2 1
2 2 2 5
5 2 1 2
1 3 5 3
1 2 4 1
5 1 3 2
4 5 3 1
2 2 2 5
4 2 2 2
4 1 2 4
5 3 3 1
3 5 2 4
2 5 4 4
4 2 2 4
2 1 2 5
5 5 5 3
4 5 1 2
3 1 5 4
3 3 4 1
2 5 1 3
2 1 2 3
4 3 3 3
4 3 3 2
5 2 4 3
5 2 3 2
4 4 4 2
2 2 1 4
1 1 5 2
2 3 2 5
3 4 5 5
4 1 5 3
1 2 2 1
3 4 2 4
1 5 1 2
3 3 4 4
1 1 2 5
1 5 5 3
3 5 5 3
2 3 2 5
2 2 2 4
3 3 2 3
5 5 2 3
4 2 3 5
4 3 3 1
1 2 1 3
5 1 1 5
5 3 1 3
5 2 4 1
1 1 2 1
3 5 1 3
3 2 1 2
1 5 4 5
5 4 1 4
5 3 3 4
4 5 3 2
2 5 3 5
4 5 1 5
2 5 1 4
5 5 5 1
4 1 4 2
2 3 4 3
3 4 3 1
1 3 4 5
10 10 1
1000
1 8 10 1
1 3 3 1
8 10 5 2
4 9 10 1
9 9 8 2
6 6 5 3
1 3 10 4
7 8 2 1
9 5 3 7
4 2 4 3
3 3 4 3
4 9 10 3
8 9 9 6
7 9 3 9
6 8 5 3
7 8 10 2
8 8 6 9
2 8 3 2
10 6 9 4
3 5 4 3
8 1 9 1
6 6 4 5
3 2 4 6
10 9 3 9
7 6 6 2
5 4 10 5
5 1 2 10
10 2 2 2
8 8 4 1
7 6 4 9
9 2 2 5
10 9 2 1
2 5 4 1
6 1 8 9
1 8 9 6
3 5 10 7
3 6 10 2
7 4 2 7
2 8 9 8
6 10 3 5
10 3 2 8
2 5 4 2
8 8 2 8
10 10 9 2
2 5 6 2
3 10 10 2
9 5 1 10
4 6 2 7
6 4 6 1
1 1 7 7
8 3 7 3
8 6 3 4
6 4 6 2
6 5 5 1
5 9 4 6
3 10 1 7
5 2 1 6
6 3 1 8
7 3 2 8
3 7 6 10
9 2 2 4
1 1 10 9
2 7 2 1
1 3 1 10
4 4 7 7
3 9 9 1
2 6 4 3
5 5 9 5
6 9 8 8
1 1 4 10
2 2 1 8
3 1 1 2
7 7 7 4
9 2 7 6
3 3 7 4
3 2 2 8
9 3 9 7
6 9 9 4
10 1 5 1
7 2 1 2
3 3 9 3
10 1 1 6
7 6 5 10
8 2 5 10
3 8 2 3
7 10 5 4
9 5 3 6
2 8 10 10
6 5 7 8
3 7 4 1
1 5 6 2
4 2 10 9
10 4 5 1
3 7 1 5
2 6 6 9
2 4 8 10
6 6 10 8
6 10 5 4
7 10 2 10
1 8 5 1
6 9 10 5
2 5 10 8
6 7 1 7
7 10 10 2
10 8 1 4
1 6 6 10
5 1 9 3
9 2 6 5
1 2 8 7
5 1 9 3
3 5 4 4
10 3 8 9
1 5 3 9
6 5 4 1
8 8 3 8
6 3 7 1
7 1 8 1
2 6 5 4
2 2 3 8
1 2 5 10
4 2 7 8
10 6 8 10
8 7 5 4
7 9 3 2
4 1 4 2
3 8 9 1
1 7 7 2
8 6 1 8
1 9 10 10
4 5 1 9
9 10 7 10
8 5 10 6
6 8 1 5
1 1 9 10
10 7 7 2
9 3 8 1
10 9 6 2
7 2 10 10
10 5 5 1
5 2 7 6
4 6 7 4
9 2 3 3
4 9 7 6
2 10 5 2
10 6 7 6
4 10 10 5
6 7 3 10
7 1 6 2
8 10 1 2
9 9 4 7
3 2 8 1
4 10 8 8
8 4 3 4
8 7 7 6
4 5 10 2
2 8 3 8
7 2 9 7
10 9 4 3
5 3 2 2
1 10 1 6
7 4 6 7
1 8 7 7
9 3 5 7
4 7 10 5
4 1 3 7
10 6 6 3
7 10 5 1
6 8 1 4
10 3 9 5
8 3 2 3
4 7 4 1
2 4 4 4
9 9 4 8
6 4 7 10
9 9 3 9
5 9 4 5
2 7 5 9
8 6 4 1
4 8 3 3
7 8 3 2
1 9 8 9
9 7 10 5
5 3 8 8
9 3 3 10
5 7 7 10
1 7 7 7
3 10 9 5
9 2 10 6
6 1 2 5
2 8 10 9
1 10 5 5
9 2 4 6
9 1 3 4
5 5 4 3
7 4 3 5
3 8 9 7
1 6 2 8
7 3 9 4
5 6 2 8
2 9 5 7
1 9 1 7
10 6 6 1
3 9 8 1
8 1 7 1
5 9 2 4
6 2 3 9
2 3 4 7
2 6 2 2
8 3 4 10
3 6 4 7
4 3 1 3
10 3 6 9
2 8 9 3
10 7 4 4
7 8 9 2
1 3 3 4
8 5 9 4
8 3 4 4
9 3 3 1
8 8 6 8
3 1 1 1
3 8 3 6
1 4 1 6
7 6 5 8
7 9 10 8
9 4 1 7
2 4 2 1
1 7 6 4
7 4 3 1
7 7 8 10
5 2 7 7
9 8 1 9
8 9 10 5
1 10 6 6
5 10 2 6
2 6 9 7
10 3 8 6
2 9 7 7
3 9 7 6
8 9 8 3
1 6 1 9
1 2 8 7
5 10 10 3
3 3 1 7
10 4 2 7
2 6 10 6
1 9 2 5
6 9 8 10
4 3 5 3
10 9 10 10
4 3 5 7
10 10 3 6
5 3 7 9
6 8 9 9
10 4 8 3
8 10 2 10
1 2 8 3
9 1 10 7
4 10 10 10
5 9 4 7
10 10 5 4
8 2 8 4
3 1 4 1
2 5 8 1
10 3 9 8
9 7 6 4
2 7 7 3
8 2 5 1
3 2 6 4
2 10 6 9
1 8 4 2
2 6 7 3
2 5 4 3
3 7 2 2
9 2 1 7
7 2 3 9
2 1 6 5
10 2 4 3
3 4 1 5
9 4 7 2
6 2 7 9
1 3 7 5
10 6 5 1
8 9 6 4
6 7 8 1
7 4 2 10
6 9 8 5
6 9 9 8
9 3 3 7
2 2 2 1
1 10 4 5
6 10 10 3
2 3 5 5
4 6 9 10
4 10 7 2
8 10 4 8
9 5 2 3
10 9 3 1
6 8 8 3
2 4 9 1
4 5 3 10
5 5 1 1
9 5 6 8
1 10 5 3
8 3 8 4
1 1 2 7
3 2 6 7
7 1 8 3
4 4 5 1
3 1 5 9
9 4 8 4
5 5 10 2
3 9 5 2
2 4 9 9
2 2 1 5
7 5 1 2
7 2 3 9
2 5 5 1
3 7 5 1
6 8 10 6
6 4 3 1
9 6 3 9
5 9 9 4
2 4 3 3
2 5 7 6
10 10 6 7
8 9 4 9
8 6 2 4
3 4 7 5
8 2 4 2
6 6 2 7
4 3 8 7
9 8 8 7
5 3 3 10
2 4 2 1
8 4 7 2
6 5 8 7
5 4 5 8
1 2 9 2
10 4 1 8
4 8 2 10
6 4 7 8
1 9 10 8
2 10 9 1
1 1 6 2
7 6 2 4
5 8 9 8
3 7 5 4
8 9 3 2
4 2 8 4
1 4 9 2
8 3 1 10
5 4 2 7
10 10 8 8
2 10 3 1
3 8 2 4
5 7 10 9
10 10 10 1
10 7 3 7
6 10 9 9
8 8 7 1
2 4 4 9
4 8 2 10
10 6 4 5
8 5 2 3
4 3 8 1
10 2 2 9
10 2 7 4
9 3 8 5
10 9 5 6
10 9 5 8
9 2 9 7
4 5 2 7
9 3 2 2
10 8 9 9
10 6 6 8
9 9 5 3
7 6 8 4
8 2 8 8
9 10 10 7
2 3 4 9
6 1 6 6
10 5 5 9
10 10 3 8
4 5 8 6
10 10 5 7
3 7 1 2
4 8 3 10
5 6 6 8
4 4 7 9
5 2 5 7
2 7 1 4
5 10 3 3
5 8 6 4
6 2 3 5
10 5 8 10
8 9 4 3
5 10 1 4
3 4 6 3
1 4 5 2
9 9 10 5
4 5 4 2
3 4 8 10
7 9 9 2
6 3 10 8
3 3 7 8
2 3 8 6
2 8 2 9
2 4 4 8
6 9 6 4
4 7 7 3
4 6 4 5
1 2 8 4
6 3 3 4
10 6 3 9
10 3 3 1
10 8 8 5
1 1 7 1
7 6 5 9
7 1 6 2
2 2 9 3
7 4 7 7
6 4 1 1
2 7 7 6
7 7 10 4
8 9 7 5
3 1 2 5
2 4 7 4
6 2 8 10
7 3 4 7
4 2 7 5
7 1 1 4
10 1 4 2
10 8 1 7
1 2 4 4
8 1 10 9
10 3 7 8
1 2 3 5
4 6 3 1
5 1 4 5
7 9 5 6
9 4 4 5
10 3 6 4
6 3 2 9
5 2 9 8
2 8 8 1
7 7 9 8
1 4 8 7
1 7 8 3
6 4 7 8
9 9 3 2
10 3 6 1
2 2 5 10
7 8 3 10
6 8 2 4
10 8 3 7
7 2 8 1
10 1 9 5
2 4 5 8
6 9 1 8
3 3 3 5
9 2 4 5
7 6 8 2
7 3 5 1
5 5 4 6
10 2 2 10
2 6 9 7
8 8 1 5
1 7 5 3
10 8 7 6
4 1 5 9
6 2 2 9
4 5 6 10
3 3 4 9
1 3 10 10
6 5 9 4
6 1 4 4
9 3 6 3
4 4 4 6
2 8 10 10
4 7 10 5
4 8 10 10
9 2 1 9
7 7 5 2
9 3 6 10
2 4 3 6
10 3 3 10
5 7 9 2
8 10 4 7
6 3 3 8
2 5 8 1
10 10 6 10
5 1 5 8
5 5 9 4
9 3 4 4
9 7 6 6
4 9 7 7
1 4 6 5
1 6 4 7
8 9 5 9
9 1 2 5
1 3 8 9
3 3 2 3
7 10 8 5
9 7 2 10
9 6 6 3
6 8 8 7
3 7 4 10
3 7 4 4
8 3 7 3
5 10 2 8
6 3 4 9
4 3 6 9
9 7 8 6
10 5 2 10
8 8 1 6
2 1 10 8
6 7 9 1
9 6 2 8
9 5 1 5
3 3 7 2
6 8 1 9
4 4 10 8
2 8 5 5
1 2 3 9
7 8 6 8
4 4 2 3
8 10 6 9
7 9 10 4
1 2 9 9
4 5 9 10
1 6 2 5
5 9 5 7
1 3 10 1
1 8 3 3
5 8 6 3
3 4 9 6
9 1 3 2
2 10 7 9
6 4 1 9
2 3 9 9
1 8 8 8
3 9 3 1
3 1 10 5
1 7 6 8
8 5 9 2
9 2 10 1
9 3 2 9
3 3 2 2
3 6 1 1
3 7 3 3
2 2 2 8
10 9 2 3
6 9 2 6
4 6 2 2
9 10 5 9
7 4 3 2
1 10 3 10
7 5 1 1
10 3 1 1
3 10 3 6
4 4 5 7
7 4 5 10
4 4 7 9
9 6 4 6
1 7 5 10
9 8 3 6
4 9 5 9
5 1 8 6
8 1 3 9
8 6 9 8
1 8 10 6
8 4 3 4
9 2 7 8
6 6 1 2
9 5 9 6
2 3 3 4
2 3 1 10
6 4 1 4
9 3 1 8
5 8 4 10
5 1 8 4
6 9 3 8
1 8 10 9
10 2 7 2
4 4 10 9
7 10 6 4
10 1 4 6
10 7 5 6
7 3 7 5
7 4 3 5
7 5 1 8
2 8 4 8
5 3 10 6
10 7 2 10
7 1 3 9
1 3 5 2
3 4 3 6
2 1 5 9
1 10 9 9
3 4 9 10
4 7 2 9
4 1 9 7
1 9 1 5
9 10 9 2
9 3 10 2
2 6 6 6
2 3 7 10
5 6 1 3
2 6 10 1
6 3 4 7
9 8 2 10
5 8 5 2
10 3 4 6
4 10 3 2
2 1 8 7
4 8 6 1
1 9 9 1
7 7 2 7
4 5 3 1
9 7 2 2
2 4 3 5
5 6 5 5
7 2 1 5
2 2 6 2
1 6 10 5
4 6 9 8
2 9 1 7
8 7 5 3
10 6 4 2
9 7 6 4
7 3 7 8
4 3 10 9
5 2 9 3
8 6 8 3
5 5 2 7
3 8 6 7
8 7 6 3
3 10 3 8
1 7 2 1
3 3 6 4
5 8 10 5
9 2 2 7
6 3 10 5
6 3 10 2
2 3 9 1
5 10 10 3
1 7 2 6
10 2 8 9
8 2 6 1
3 2 7 7
1 1 6 4
4 5 9 2
8 5 10 9
4 8 1 8
3 9 10 6
10 10 8 9
10 6 2 2
2 5 5 4
10 8 2 7
5 1 2 5
9 4 4 2
10 6 8 8
4 8 4 6
2 2 6 3
9 5 9 8
8 6 8 4
9 3 6 9
3 8 5 6
3 2 8 5
3 2 7 2
1 6 6 4
10 9 9 10
1 3 7 8
1 7 2 9
8 7 9 10
3 10 6 9
2 4 9 8
8 7 3 6
1 7 3 10
9 1 7 3
1 1 4 6
7 7 1 3
7 5 9 7
3 7 5 9
1 9 6 3
6 4 10 6
9 6 10 1
2 4 2 9
8 4 6 7
4 7 9 9
7 2 5 3
2 9 6 6
2 6 4 1
1 4 2 3
5 6 1 2
10 8 7 10
5 5 5 10
3 10 5 2
6 6 3 9
7 8 3 7
5 4 6 1
8 6 4 2
10 6 4 10
2 4 10 2
10 5 1 6
7 9 3 5
5 4 10 2
7 6 3 3
2 4 9 8
8 2 1 7
8 8 2 4
5 4 1 8
1 8 2 1
7 8 6 2
6 3 4 2
5 5 3 6
8 10 5 9
4 1 6 2
2 2 6 5
9 9 6 3
8 4 4 1
1 7 9 5
6 10 7 4
8 4 10 2
7 4 2 10
4 6 5 3
7 10 2 6
9 10 10 3
7 4 4 5
3 9 3 6
8 9 7 6
4 1 2 1
9 7 5 3
9 10 4 1
3 9 3 5
5 1 8 5
4 9 3 3
5 4 10 1
3 3 1 7
10 1 1 3
3 3 4 3
5 4 2 2
5 1 5 5
7 8 8 4
6 8 2 1
9 1 10 3
8 7 1 8
7 8 8 3
7 8 8 5
3 8 8 3
9 7 9 5
1 6 3 10
1 6 3 7
3 5 5 1
7 2 1 9
9 1 3 1
1 9 9 8
8 3 2 2
4 5 6 6
7 4 9 9
10 8 8 1
1 9 3 5
3 2 9 8
6 2 3 1
10 5 6 6
7 6 8 10
3 9 2 10
2 4 7 1
4 6 4 5
4 4 1 9
3 9 4 9
6 5 4 8
2 2 10 8
9 3 2 5
2 7 6 2
7 2 9 2
3 7 5 1
9 8 9 7
3 1 1 8
4 4 9 5
10 5 6 8
5 3 6 3
3 4 5 4
4 10 9 9
6 7 6 3
2 6 5 5
8 4 10 9
3 7 5 10
7 8 8 7
5 9 7 10
10 3 5 5
3 9 1 2
4 7 6 2
5 3 10 6
6 4 9 3
10 7 6 2
6 2 8 1
4 3 9 7
7 9 7 1
9 10 3 4
10 9 8 7
10 8 8 9
5 1 8 7
7 7 6 9
3 6 7 8
5 2 8 5
10 1 3 6
8 7 2 7
2 8 3 2
10 3 5 1
4 1 7 6
4 7 5 1
6 1 9 3
5 9 1 9
3 3 7 1
8 6 3 4
2 8 3 8
3 10 2 6
10 1 3 2
3 8 5 1
1 6 9 1
4 1 4 5
3 6 4 5
5 2 8 9
5 9 4 9
5 2 8 5
3 2 8 3
9 5 7 8
6 8 6 2
5 10 1 3
4 1 6 7
2 7 10 8
7 9 8 5
3 6 1 1
3 3 3 1
6 7 9 3
9 3 9 1
8 6 10 6
2 6 5 7
10 5 9 8
2 7 8 1
10 4 1 6
2 2 5 7
8 1 10 4
3 9 5 2
1 2 4 5
8 9 10 3
9 10 4 2
10 8 2 4
8 5 10 8
2 2 3 5
5 7 9 1
10 5 6 6
5 3 7 1
6 3 10 5
3 8 4 6
2 4 4 6
6 10 6 3
2 2 10 5
2 10 8 10
7 1 5 4
6 1 6 9
3 1 8 5
3 1 9 10
5 4 8 6
1 2 8 10
4 2 3 4
8 5 8 4
6 8 6 6
6 10 7 5
10 10 4 1
8 3 9 3
9 4 4 4
2 6 6 3
3 8 5 5
3 4 4 2
7 9 9 1
5 2 6 2
4 6 6 2
3 5 7 10
5 7 4 8
5 4 3 6
9 4 7 1
8 9 7 6
3 3 1 6
1 3 9 9
4 4 9 5
7 4 10 2
7 5 7 4
2 2 7 4
7 9 9 10
5 3 9 3
9 2 7 9
2 5 10 4
4 1 7 9
9 1 10 3
1 6 9 2
1 8 4 4
8 7 5 2
1 3 10 10
10 10 6 2
7 7 1 10
9 2 10 9
8 5 4 2
9 8 3 7
4 6 10 7
2 7 10 2
1 7 7 5
3 8 7 1
4 2 10 7
6 5 4 6
7 9 6 8
10 3 6 10
8 3 2 1
5 1 5 4
2 5 7 6
3 10 10 8
6 3 6 5
5 9 9 8
2 8 2 9
10 9 5 3
3 6 4 6
9 6 6 10
3 2 5 3
5 6 7 3
7 1 7 3
6 3 1 4
1 10 5 7
3 4 7 5
1 3 5 10
6 2 7 5
1 1 4 3
7 1 5 7
4 2 8 6
5 1 2 2
8 7 7 10
7 10 3 8
4 10 3 1
10 7 6 6
5 6 1 10
5 10 6 10
2 3 9 7
4 10 7 7
6 9 5 4
6 5 10 6
8 3 7 4
8 2 10 2
9 5 3 1
10 8 10 9
5 8 10 2
7 9 8 4
8 10 1 8
9 9 8 7
1 8 4 8
5 7 10 7
8 6 6 4
2 5 4 4
6 6 4 3
3 2 3 6
10 3 2 1
4 8 2 9
2 5 5 7
10 8 7 9
9 2 7 7
10 3 1 10
9 10 10 3
5 2 5 3
7 3 2 6
1 9 5 5
3 2 8 3
2 5 9 5
2 2 9 8
10 5 1 4
7 9 1 10
6 6 1 7
2 1 9 2
4 4 2 2
4 2 1 3
8 1 6 5
3 9 8 9
8 4 3 3
10 7 3 8
9 2 4 7
9 3 6 2
6 3 8 8
5 1 1 10
2 8 4 5
5 8 9 7
2 9 5 5
5 6 3 9
10 7 10 8
9 4 5 10
6 7 9 3
8 6 2 9
4 5 8 6
9 1 1 5
8 1 3 5
7 7 5 9
9 6 6 10
10 10 50
100
7 3 6 5
4 7 2 7
10 5 8 3
6 6 6 8
1 2 1 3
2 5 4 5
5 1 2 3
8 1 10 1
2 7 6 6
6 5 9 4
1 3 6 9
4 6 2 2
3 5 9 5
2 1 2 10
5 10 3 7
1 4 3 8
2 5 7 2
1 3 5 2
1 5 6 9
4 10 3 7
1 10 9 4
3 3 8 6
9 9 6 8
4 7 10 2
10 4 1 9
10 3 7 10
7 8 5 4
4 3 3 6
5 6 4 1
7 8 6 7
5 9 10 6
1 7 9 6
7 9 10 10
3 1 1 1
7 3 6 5
1 1 8 8
6 7 1 3
9 9 10 5
8 4 9 2
7 10 5 8
4 3 4 8
6 6 7 5
2 1 5 2
7 4 2 7
3 4 10 6
4 8 7 3
4 2 9 6
9 3 5 7
8 7 5 10
8 10 4 6
8 8 9 4
4 10 7 8
6 2 4 8
7 7 4 10
9 3 5 3
6 1 8 10
4 6 5 10
6 5 3 4
6 1 1 7
6 1 10 9
10 9 9 2
9 2 3 6
10 8 1 8
10 5 3 2
1 6 1 2
1 4 8 1
4 1 10 1
4 3 9 10
6 6 4 8
6 3 10 1
6 8 3 4
7 7 6 9
9 2 6 10
10 3 4 4
7 9 10 1
3 5 10 2
4 3 6 9
9 6 4 2
1 3 1 9
6 10 8 7
2 6 6 3
8 8 8 4
10 5 1 10
3 7 1 5
3 3 8 10
8 7 5 3
7 3 1 5
7 7 10 8
9 2 1 1
5 1 8 9
9 3 7 10
7 5 1 5
4 4 2 3
6 8 1 4
7 4 2 6
7 5 4 4
6 4 5 7
7 6 5 2
6 5 7 1
9 9 7 5
100 100 10
100
48 70 68 2
77 92 26 80
45 54 35 78
57 38 98 22
56 21 81 53
76 99 18 11
23 5 59 34
80 16 77 90
5 55 50 39
6 68 49 45
44 21 3 87
86 25 32 75
43 57 37 8
59 68 19 61
62 41 15 39
57 17 54 41
76 7 50 30
67 9 13 15
13 90 59 96
23 16 12 91
81 13 46 15
50 33 67 82
42 97 64 99
93 11 4 80
26 11 18 16
74 93 74 50
54 45 40 69
43 51 13 88
30 62 86 67
30 75 97 50
24 17 55 67
35 12 74 15
58 74 1 52
6 20 44 30
77 63 38 77
74 43 44 52
35 82 31 40
60 78 28 16
10 24 8 21
67 29 28 41
64 96 25 20
22 32 87 41
23 1 51 86
21 8 9 92
76 42 80 13
84 100 90 82
15 68 86 82
21 35 11 67
46 90 27 70
12 52 24 53
8 92 94 73
18 4 52 20
59 29 21 66
24 98 39 45
51 49 77 68
63 59 55 39
20 51 12 62
78 24 26 68
89 69 91 69
73 24 57 40
58 21 78 45
58 60 71 81
85 65 98 33
17 73 5 66
98 32 9 88
13 67 44 58
33 66 44 48
68 49 27 94
95 88 63 60
35 23 32 77
38 99 8 97
54 66 66 6
97 28 13 29
88 89 46 26
74 17 45 64
93 38 58 98
22 87 9 5
76 92 28 84
68 43 57 37
25 64 62 61
14 87 86 61
80 2 42 58
26 31 8 99
56 98 37 27
42 90 62 12
80 5 88 26
94 68 55 62
44 66 54 58
3 81 64 2
95 76 73 15
18 41 8 26
70 88 70 67
32 45 42 44
59 89 22 19
54 73 23 48
86 19 23 25
61 74 19 44
41 72 11 20
40 75 35 100
41 87 87 21
100 100 10
1000
90 67 26 58
5 62 30 21
6 26 13 99
78 100 27 53
85 81 41 6
68 6 37 62
23 44 29 63
64 5 8 87
98 46 8 19
54 79 70 35
85 62 43 21
23 80 77 13
56 50 98 87
78 67 50 79
23 49 42 43
7 93 81 2
18 46 48 88
71 14 69 70
89 83 37 54
35 66 46 52
20 57 78 16
1 20 74 15
50 63 62 5
33 4 88 99
100 1 40 28
34 90 76 11
86 66 24 40
77 19 1 5
13 63 19 45
80 89 65 86
37 59 33 36
25 77 43 88
37 28 52 38
25 56 56 35
1 77 4 72
67 59 82 80
43 78 37 1
90 71 22 36
32 59 95 72
32 5 60 70
45 77 39 66
98 15 55 95
36 9 83 48
81 9 86 89
38 92 77 77
68 46 15 53
63 9 30 98
52 68 56 9
5 52 92 94
64 81 3 3
55 55 24 72
93 2 34 53
6 29 57 47
18 42 84 96
1 97 73 100
69 16 91 31
86 46 2 28
82 75 66 43
70 90 10 79
29 88 19 31
75 34 87 74
34 78 93 92
61 22 61 15
39 56 88 23
48 67 10 54
70 99 32 63
3 19 74 69
32 83 51 42
71 71 20 22
77 52 43 83
93 89 23 36
87 49 23 12
69 98 17 94
76 74 52 90
39 63 40 56
91 68 55 95
25 74 65 69
8 60 17 12
22 99 34 89
47 83 36 66
68 34 9 63
11 34 57 18
7 81 7 62
19 36 30 11
20 33 26 69
78 47 90 16
4 98 57 90
47 87 48 36
9 47 86 64
13 91 58 34
71 1 59 17
60 87 61 73
76 57 13 19
26 67 67 62
84 59 88 5
75 89 11 61
66 49 77 36
31 38 24 17
41 84 36 91
28 69 61 78
27 70 69 70
7 27 8 56
39 4 23 90
31 75 50 6
42 25 89 28
95 32 7 63
29 62 50 48
85 33 77 73
13 58 10 60
11 71 33 15
34 45 36 86
14 45 70 53
21 86 91 96
51 30 33 20
48 91 10 79
89 24 24 34
53 50 93 73
38 37 51 6
77 63 64 12
47 90 43 32
79 77 77 1
82 58 98 7
73 37 58 63
100 82 81 86
72 52 92 98
27 29 77 32
9 86 7 91
91 74 21 65
66 42 77 70
88 78 79 13
62 84 64 99
48 48 1 95
53 81 6 21
27 6 59 3
16 50 10 85
49 36 80 39
91 88 92 46
70 38 16 98
46 37 73 15
85 59 100 5
7 19 42 42
89 57 59 83
39 2 27 14
87 53 63 53
74 6 47 56
31 79 41 71
1 18 73 8
47 8 45 92
76 95 49 1
78 75 95 45
52 87 32 89
49 29 46 10
78 16 12 24
29 22 47 71
37 20 90 24
74 77 7 9
43 59 30 75
19 21 3 89
62 51 61 25
24 70 48 42
93 55 78 45
64 84 78 26
19 100 56 89
57 43 25 7
40 29 36 86
89 65 57 50
74 29 57 25
48 89 42 81
81 66 57 45
54 99 62 6
79 21 68 76
92 47 58 25
38 58 17 21
73 23 34 41
92 37 94 14
20 31 6 58
8 74 75 17
77 7 99 9
59 70 57 52
3 22 1 80
94 100 11 73
73 16 78 86
26 94 66 79
59 72 37 92
16 68 97 12
22 54 29 92
74 17 30 12
100 68 15 71
92 28 39 62
60 96 53 36
47 83 80 90
9 39 19 47
35 99 68 66
22 53 77 96
1 17 29 93
46 98 54 83
97 79 65 59
90 30 15 40
58 67 37 27
61 49 54 33
38 43 10 51
52 38 68 18
91 68 55 99
78 58 43 54
17 18 98 8
10 66 47 58
97 30 66 82
81 90 29 74
56 87 76 4
60 11 15 13
25 80 72 16
52 74 6 70
35 17 84 45
7 10 24 23
69 22 86 59
65 92 95 44
4 40 59 19
74 48 29 20
3 14 66 84
81 19 16 14
28 17 58 82
85 88 52 37
40 88 69 85
45 98 78 65
9 77 12 47
14 17 58 12
49 56 11 72
96 10 86 1
30 63 71 2
95 86 34 80
82 23 37 38
50 77 97 87
32 66 27 100
90 18 54 73
71 22 62 40
38 82 63 40
94 37 61 32
83 18 49 9
25 9 81 53
26 84 13 55
95 84 36 35
55 87 46 63
78 73 97 46
3 99 81 8
98 57 52 46
17 77 21 51
7 3 10 36
25 2 34 94
14 15 14 88
37 91 81 96
66 62 29 26
18 95 8 66
40 25 33 35
77 87 93 19
36 62 46 40
25 74 45 31
66 17 97 70
12 98 2 71
26 36 71 87
62 57 69 96
29 93 61 76
84 73 55 16
12 42 49 89
68 36 59 18
12 91 89 68
47 13 29 11
71 48 100 13
15 24 34 94
67 61 87 56
50 26 81 87
59 100 19 60
30 100 95 95
47 42 40 24
53 79 90 100
95 65 13 98
98 7 99 50
97 32 13 47
74 91 39 54
17 97 51 22
22 37 53 1
52 35 45 79
26 66 74 92
33 79 1 87
65 100 56 21
39 61 63 9
22 13 84 74
51 97 48 20
79 10 59 56
70 6 37 15
96 28 14 90
79 55 83 14
91 49 66 47
49 76 34 44
77 80 88 23
72 29 59 24
11 88 86 50
45 51 95 20
79 48 48 6
41 27 22 88
44 11 3 35
96 82 75 95
40 67 50 27
47 95 27 26
26 45 52 66
12 25 9 78
74 35 35 33
15 50 87 97
2 35 25 97
35 42 64 53
83 7 21 61
72 93 81 6
74 84 66 43
39 11 45 18
62 18 33 55
83 62 53 84
68 61 74 51
17 14 34 94
17 59 10 14
3 24 5 62
23 89 34 35
78 38 68 51
25 11 64 49
68 23 20 48
86 41 14 37
53 33 89 92
99 35 29 13
49 39 61 51
20 84 30 90
19 56 21 81
37 12 29 53
81 4 72 17
82 57 15 96
34 59 52 1
29 76 80 70
22 14 74 17
51 97 79 21
9 89 22 81
73 74 17 63
36 97 7 83
56 46 100 12
91 59 76 79
20 21 10 82
46 38 54 83
42 35 54 60
6 10 39 87
3 74 98 52
44 48 54 70
81 21 58 26
68 81 56 66
10 92 27 9
42 90 82 34
49 66 20 56
50 55 86 38
65 36 63 62
73 1 61 79
39 59 12 36
73 93 75 27
5 88 100 59
23 1 71 6
30 5 35 83
28 6 58 83
24 94 71 52
85 66 90 42
73 24 49 33
82 30 64 60
58 58 42 1
54 5 86 35
89 82 63 9
42 46 96 8
58 41 89 70
78 35 11 96
97 63 35 14
91 43 6 50
15 69 67 23
86 53 16 52
96 99 76 99
42 64 11 62
7 3 52 60
89 27 43 98
10 75 24 97
46 10 66 61
7 57 33 56
30 64 70 86
44 60 86 8
4 60 53 47
29 20 62 11
75 98 77 64
4 72 45 51
70 92 66 46
17 28 50 63
95 96 64 42
13 18 69 36
50 2 89 13
51 50 97 95
96 73 42 26
7 21 35 91
37 61 92 20
64 14 10 52
54 4 71 88
48 93 97 47
76 12 61 52
50 29 98 53
5 53 21 16
6 100 28 35
10 7 69 32
10 74 97 60
30 71 23 73
36 100 12 5
87 86 25 31
4 13 24 98
60 65 80 94
47 34 13 6
85 62 97 22
20 87 73 24
71 84 41 4
27 1 83 99
3 54 79 71
60 81 99 47
3 87 14 25
99 61 47 73
36 68 11 90
28 32 54 9
82 89 69 56
53 82 79 77
4 22 7 16
19 37 36 99
86 24 17 52
69 59 92 25
77 95 15 44
83 28 96 60
26 4 22 97
63 62 78 33
1 80 37 41
60 26 55 45
17 38 89 7
56 53 91 29
5 12 9 35
63 83 7 46
86 62 7 9
32 39 47 14
71 86 67 66
69 63 79 56
7 25 52 8
59 8 20 50
69 17 19 99
72 72 97 36
75 22 12 6
75 75 21 14
3 19 75 26
20 76 13 91
24 91 16 2
13 30 18 65
45 67 4 60
100 39 61 63
70 62 10 9
13 78 53 50
29 55 87 61
64 76 27 25
62 93 6 32
76 42 10 20
89 5 53 65
52 79 56 23
16 58 29 43
26 53 37 98
15 12 87 17
55 70 38 60
77 39 39 19
59 30 29 67
23 16 57 55
66 43 20 35
20 83 94 8
6 75 85 83
8 27 48 34
100 15 91 80
63 30 28 76
29 65 71 86
16 41 87 3
3 33 10 87
33 96 50 97
40 100 48 91
74 32 45 33
20 28 61 17
71 95 80 71
30 70 67 29
59 59 4 82
88 68 57 82
62 70 77 6
41 81 20 18
34 88 52 22
86 18 81 68
9 37 94 71
54 15 44 35
78 32 58 15
99 18 26 82
65 44 69 20
79 35 66 17
81 68 57 22
97 74 59 14
70 23 54 35
92 48 22 49
5 8 48 19
45 90 10 73
43 74 48 26
13 37 88 2
65 22 9 83
93 25 24 8
69 46 33 94
32 84 8 8
47 51 18 80
85 80 83 63
44 10 22 5
91 37 97 1
50 64 90 67
88 66 31 64
30 74 16 5
22 79 58 94
39 62 22 9
59 46 20 32
41 3 45 90
30 30 57 51
88 100 9 35
26 64 6 76
82 95 99 65
42 33 66 64
80 94 34 71
29 98 55 76
51 94 51 4
87 62 92 96
65 6 69 53
2 19 8 9
62 92 54 75
80 78 37 82
3 70 39 3
92 45 95 3
1 7 70 100
49 10 25 55
56 43 76 80
20 18 1 32
10 18 82 12
85 81 13 22
90 32 42 12
90 1 9 39
96 62 30 34
32 86 64 81
63 66 15 54
100 56 83 27
20 74 78 50
35 100 1 64
46 32 53 52
2 43 22 41
7 74 11 3
27 76 66 79
15 86 73 49
28 33 78 90
34 93 80 23
54 90 46 52
28 26 65 85
71 20 38 86
87 89 80 96
1 89 29 43
20 41 46 34
61 9 31 68
18 30 64 12
74 66 68 43
58 53 45 95
94 95 90 19
23 29 77 79
74 44 19 52
96 30 20 72
77 77 12 5
33 75 54 3
64 73 56 73
76 87 2 95
50 42 9 83
48 27 98 34
97 58 82 25
42 5 75 33
60 26 1 59
98 45 47 70
73 79 95 30
90 93 18 85
6 13 41 31
59 98 24 59
12 47 40 76
67 90 65 10
72 24 41 23
62 39 76 95
35 93 78 82
63 2 40 1
11 91 54 22
36 62 8 59
43 60 79 64
72 5 68 58
65 23 28 5
41 13 70 97
10 74 73 46
82 44 18 63
42 52 65 77
60 4 59 26
70 79 65 60
42 63 80 8
63 82 97 67
33 87 87 52
58 49 92 7
66 93 16 22
40 5 3 13
16 3 51 67
11 13 34 34
84 17 81 96
86 32 32 28
35 2 81 62
55 65 9 22
2 97 72 46
57 91 9 45
11 47 75 31
87 74 62 88
89 83 73 87
76 82 11 58
9 17 57 70
73 22 16 23
11 90 92 47
86 43 14 42
52 32 62 4
83 43 45 7
93 56 25 65
21 55 91 98
96 86 75 27
88 74 14 29
96 71 69 94
86 39 37 59
5 58 84 21
33 19 90 55
1 44 80 10
56 80 1 75
78 24 56 21
62 17 95 87
80 18 30 4
1 82 75 82
4 23 4 81
91 93 45 56
96 31 53 37
50 57 41 20
29 71 26 73
53 97 6 94
86 90 17 52
87 22 99 86
40 57 94 11
23 60 97 12
5 68 84 40
46 81 49 76
27 36 83 97
85 65 98 89
45 30 17 64
68 71 75 24
23 65 82 79
38 66 51 31
56 90 48 21
82 33 84 88
85 6 56 58
35 28 50 24
80 59 49 72
40 60 41 98
79 90 31 21
28 4 50 7
82 71 92 29
39 51 59 24
56 11 90 12
52 17 36 49
48 75 6 3
99 46 48 47
6 16 78 21
79 48 83 64
48 25 76 29
39 8 18 37
6 2 75 27
75 4 6 23
35 53 4 100
88 13 95 21
7 22 46 50
52 60 6 88
97 85 53 9
48 81 35 11
94 41 91 9
45 34 86 24
44 3 62 76
54 45 4 76
59 86 99 32
48 13 35 29
48 50 7 25
40 36 78 39
29 49 60 82
38 83 79 74
60 3 85 29
69 9 59 32
45 10 97 92
51 91 37 55
40 77 73 19
35 53 32 34
59 52 69 50
98 7 7 53
18 1 70 67
91 43 52 5
52 81 18 65
13 98 31 58
49 97 60 30
63 37 59 68
82 10 13 2
82 67 80 70
92 13 67 28
4 30 14 37
10 53 31 8
51 23 43 72
61 18 30 11
58 93 68 79
84 58 48 32
34 21 14 47
39 47 59 65
85 43 25 74
55 55 18 3
91 8 3 41
49 17 62 83
34 88 79 59
15 6 57 79
70 73 17 71
5 69 83 25
32 11 60 77
28 29 58 59
43 86 4 93
4 33 24 38
11 85 9 3
80 57 30 16
27 24 4 79
52 49 89 9
60 69 63 79
96 15 81 37
25 19 71 7
34 24 7 7
96 8 64 89
44 59 95 19
33 70 19 83
81 62 84 100
86 49 48 98
68 98 51 96
75 38 98 99
24 31 33 78
33 91 47 64
40 64 96 26
18 19 31 82
57 15 39 68
66 82 65 54
98 29 57 29
2 5 17 66
96 84 97 86
91 23 71 81
71 48 85 61
28 89 84 71
93 80 68 74
39 53 58 80
87 32 80 90
65 2 9 31
23 19 7 43
24 41 70 89
76 50 100 88
8 100 72 60
48 61 38 49
80 78 87 92
55 29 97 53
97 73 22 2
87 76 2 12
66 89 56 69
32 43 50 30
22 67 92 23
65 53 61 42
59 44 90 88
60 4 51 50
94 35 97 58
18 2 49 2
4 53 89 55
70 30 98 38
23 26 33 88
88 58 10 60
12 3 97 78
22 23 53 97
78 27 36 58
100 75 13 1
92 4 54 21
8 42 35 23
9 66 80 36
30 46 97 55
51 76 55 76
49 42 87 46
95 91 29 93
56 7 93 14
92 64 67 13
66 21 78 31
72 8 45 46
33 43 73 19
66 98 62 76
92 94 23 58
22 11 81 52
72 24 29 53
1 77 70 68
22 93 100 63
34 2 50 56
4 23 9 52
36 18 8 27
55 91 24 66
32 95 87 48
34 73 34 4
75 2 39 92
44 6 35 100
66 75 35 36
31 61 56 79
27 86 95 26
74 67 42 98
80 66 61 2
73 74 91 40
15 51 7 86
70 51 70 68
3 34 18 41
57 39 31 74
3 48 13 47
88 61 25 88
5 69 86 4
55 72 11 62
63 67 3 51
72 84 18 45
12 76 65 46
90 88 30 100
99 8 87 1
71 84 86 80
68 56 99 33
64 67 10 21
37 42 41 34
4 13 87 68
67 77 81 68
35 70 65 37
91 19 16 7
48 9 61 62
31 16 92 25
65 95 94 26
77 38 59 66
75 64 29 89
21 48 9 26
58 86 13 81
29 81 44 7
86 1 99 83
87 4 46 15
13 27 100 74
66 69 68 40
74 57 10 71
91 73 95 19
69 70 86 40
89 26 26 41
41 45 59 81
4 68 98 2
43 40 32 80
8 32 56 41
74 75 89 90
61 56 58 34
33 48 82 48
56 64 52 31
24 54 92 76
23 73 22 70
30 52 87 32
22 2 97 52
96 56 18 35
85 83 10 61
22 20 42 20
72 85 96 27
61 34 73 61
68 76 24 78
66 90 26 22
5 21 45 15
88 58 73 32
68 52 52 21
33 44 21 27
34 96 47 2
41 94 74 94
46 91 12 5
87 85 43 93
78 91 58 71
22 34 39 38
29 54 60 62
49 66 95 88
37 33 91 43
27 29 65 49
62 72 74 15
36 94 74 96
53 48 86 23
76 83 71 34
7 52 42 73
62 81 87 71
33 91 75 16
41 28 86 95
27 98 20 48
89 15 66 87
63 45 8 66
47 80 34 84
85 64 80 29
62 7 84 84
70 82 17 15
3 56 97 74
52 85 28 75
35 53 13 76
32 24 99 56
8 68 47 2
5 17 26 19
77 2 71 76
73 25 73 90
41 98 93 61
44 68 56 52
79 69 9 23
36 95 71 27
45 86 92 15
28 86 80 22
88 65 3 97
43 41 77 54
89 38 23 10
89 72 33 63
95 83 54 37
28 46 73 59
96 75 71 91
3 91 51 19
77 64 45 10
45 9 74 91
100 40 26 4
69 12 65 92
51 82 57 40
28 19 32 97
38 48 44 31
84 5 8 37
99 59 88 10
75 69 59 98
43 22 86 3
44 32 88 73
2 93 77 64
86 86 38 59
28 58 77 8
57 35 63 72
21 91 71 100
4 79 28 26
53 33 64 60
13 35 72 7
85 35 11 94
49 26 83 46
77 6 36 35
47 79 42 54
10 55 16 59
53 68 23 42
42 94 7 68
17 53 78 76
84 60 39 18
85 45 32 77
7 17 32 4
54 48 5 64
3 22 68 6
10 66 93 19
49 12 51 8
65 59 94 85
65 38 35 94
3 6 40 61
31 69 51 87
52 36 34 94
73 80 11 57
67 50 21 58
5 88 42 29
23 92 44 2
50 14 39 75
18 11 71 33
9 73 68 62
91 45 81 72
49 59 51 22
45 48 25 20
1 1 48 81
54 34 13 68
69 10 65 36
8 19 15 17
9 65 12 6
97 58 97 17
64 32 23 92
75 12 59 94
87 16 38 70
64 69 64 97
68 41 66 1
29 17 60 24
53 16 35 86
100 85 4 2
81 97 91 100
15 81 56 51
33 71 52 23
17 43 47 37
96 77 47 10
71 44 55 92
4 43 70 83
66 6 85 5
27 91 27 41
2 95 97 19
51 64 88 62
20 90 88 65
100 100 100
1000
97 64 40 41
44 43 61 39
30 47 54 48
41 5 47 34
23 42 84 29
4 2 80 97
63 54 59 42
25 49 69 60
15 92 12 82
59 34 3 32
22 63 52 10
71 29 77 58
23 91 34 45
91 90 96 31
58 58 50 79
98 49 87 74
58 75 85 11
19 97 63 52
24 26 29 64
72 13 64 58
81 38 48 65
46 12 58 44
58 20 98 47
47 26 91 54
96 11 22 71
97 38 46 21
1 74 26 98
8 85 16 48
74 26 79 71
46 71 77 44
16 32 69 21
95 69 19 8
8 2 11 92
32 84 66 78
18 53 47 74
67 54 29 31
91 36 60 22
26 66 55 19
86 79 88 67
17 5 52 24
86 71 39 24
80 75 10 66
21 56 4 67
34 51 76 65
17 40 66 59
59 27 79 1
67 78 37 37
86 90 94 32
15 13 57 21
6 22 10 19
57 74 33 99
64 78 48 93
70 99 91 20
84 94 16 74
32 37 11 80
59 42 16 58
92 9 85 22
3 32 14 48
8 42 27 58
53 57 5 37
22 39 97 46
19 97 64 82
76 9 39 11
66 26 87 44
83 99 69 17
79 20 46 50
5 81 33 97
63 19 74 72
46 74 79 81
25 95 6 63
12 85 97 59
95 34 11 100
7 79 14 72
42 17 91 33
3 88 96 72
36 18 55 86
62 10 57 89
44 45 52 27
97 23 47 93
42 93 23 79
38 19 46 24
72 15 95 89
8 25 20 84
18 82 59 65
37 92 54 11
46 14 5 8
50 72 66 66
71 70 86 62
11 46 54 86
96 84 28 91
52 71 2 61
57 62 31 10
32 50 63 36
22 89 82 17
41 43 50 72
82 77 76 70
69 96 33 61
83 86 1 36
17 96 83 83
62 75 32 63
94 65 67 36
66 58 95 60
60 30 79 34
97 45 18 5
58 55 68 1
25 79 90 37
96 17 24 74
71 65 4 77
80 62 67 33
50 90 55 88
60 26 94 71
5 9 6 94
12 26 58 68
91 22 85 56
74 33 28 17
24 50 91 2
26 88 48 7
72 11 16 42
30 26 17 44
7 85 32 5
72 12 44 22
3 76 41 73
9 56 97 40
51 13 10 34
81 79 28 70
81 2 10 48
6 19 82 14
15 83 48 54
45 1 93 15
2 49 44 28
9 31 55 48
21 98 61 35
67 33 63 55
72 40 13 65
59 97 98 60
31 79 79 2
88 65 75 69
72 31 13 83
57 12 40 60
45 41 65 34
2 12 57 39
36 18 50 30
96 54 100 2
54 8 89 41
30 63 24 73
4 23 17 94
99 99 23 84
9 100 12 37
8 19 94 32
51 96 37 53
26 51 45 92
8 90 70 100
15 95 6 71
100 36 19 13
80 93 25 64
14 94 75 83
82 16 42 64
68 94 53 63
38 51 23 32
27 4 75 76
80 44 87 52
77 85 37 79
79 13 14 10
2 51 92 37
37 14 30 100
80 31 81 28
20 44 43 85
44 20 25 1
41 6 78 49
31 89 14 10
81 4 96 11
88 30 2 93
86 10 80 77
28 91 20 94
87 88 7 20
79 86 28 99
27 20 39 90
24 67 33 14
26 19 43 6
6 66 57 25
16 4 75 18
11 6 17 83
19 8 10 97
3 56 85 41
95 60 31 3
22 68 99 20
32 1 39 21
100 35 51 75
26 42 68 27
20 26 33 94
45 30 11 20
64 87 98 13
16 35 93 28
14 64 40 7
86 30 1 13
87 42 93 12
14 42 89 83
90 12 14 100
55 23 58 73
69 11 4 79
92 83 96 39
62 19 55 10
95 69 39 29
50 15 90 1
83 71 54 69
32 60 82 96
23 78 26 1
4 65 83 44
88 37 56 37
14 14 99 57
23 20 51 93
16 51 88 89
30 39 96 21
64 45 32 18
12 38 37 92
72 1 50 24
84 5 85 2
33 50 99 40
66 99 95 79
25 66 3 3
66 52 85 84
38 41 90 93
63 69 14 42
99 21 34 22
53 34 48 92
80 20 97 11
28 8 48 38
90 26 5 59
39 27 91 93
65 23 75 51
40 95 88 53
93 30 44 22
90 1 77 52
14 51 7 35
37 30 35 62
69 1 47 33
41 1 10 28
75 18 63 59
18 8 90 72
61 92 49 54
95 83 87 56
13 59 93 19
63 86 9 8
6 36 9 12
81 41 29 60
66 44 47 36
32 33 6 87
94 17 88 2
21 97 67 10
63 92 56 44
83 43 47 73
70 48 3 30
23 26 45 29
27 66 95 94
12 86 30 68
53 69 40 23
93 25 99 75
85 8 15 34
3 7 38 12
71 78 70 73
11 7 90 93
34 13 26 18
41 13 29 94
19 44 55 31
40 91 38 86
35 68 13 8
62 34 7 36
58 60 94 76
57 81 41 81
76 94 29 29
64 61 88 49
30 30 26 54
86 86 23 8
16 65 91 37
71 41 47 6
82 26 67 21
82 48 91 12
30 6 55 33
79 68 58 21
83 74 15 64
20 70 28 60
21 65 99 49
47 42 9 86
46 2 76 55
48 22 28 84
64 77 86 41
60 74 64 81
92 43 68 38
13 87 62 5
30 76 33 7
23 12 5 33
72 82 73 89
54 90 59 58
94 41 39 71
52 16 93 66
13 44 41 64
23 100 16 17
27 24 81 72
7 25 70 73
65 6 64 51
48 15 79 18
4 56 79 53
87 83 40 46
58 16 94 35
19 46 18 5
53 95 41 71
38 86 43 89
9 18 16 60
32 37 100 80
14 93 96 78
87 67 94 79
80 27 34 61
59 4 56 49
98 3 42 4
17 14 55 60
80 32 92 3
26 17 17 76
86 7 15 88
71 24 53 36
28 57 40 21
20 87 67 80
87 57 13 39
57 13 28 26
31 93 79 100
90 6 47 69
36 49 12 6
74 35 72 25
47 71 100 66
30 100 8 15
74 59 15 15
43 7 99 39
32 3 22 12
95 35 91 92
77 65 31 81
31 65 3 7
92 15 43 87
84 97 74 25
73 25 32 67
31 62 77 10
71 35 51 40
18 72 24 46
45 16 55 64
44 8 86 47
91 30 60 43
13 3 65 44
11 36 79 16
63 11 62 18
93 98 74 45
61 28 43 46
23 52 49 10
33 76 3 12
2 98 84 68
7 36 57 84
13 21 56 42
88 35 80 44
16 52 2 80
6 16 99 69
90 40 18 43
91 97 9 40
8 56 55 23
6 79 38 28
70 87 67 64
8 32 67 28
37 38 25 69
50 16 82 73
71 80 75 70
87 7 68 23
100 56 31 77
96 32 68 36
78 78 48 100
94 28 50 12
38 33 18 88
20 87 15 69
100 86 41 89
93 43 42 60
86 7 87 44
48 75 9 4
78 75 40 55
76 40 73 90
82 96 92 81
76 42 77 19
26 37 20 59
18 83 75 15
33 26 20 45
40 44 49 14
35 6 75 53
20 5 32 34
99 16 90 4
99 75 39 76
45 93 76 8
10 17 88 79
26 65 73 59
55 49 19 44
51 7 12 34
55 54 13 23
65 14 39 13
18 80 38 97
33 32 15 91
21 68 80 54
79 58 52 17
97 30 77 70
10 70 98 78
10 60 34 68
7 5 8 9
17 100 63 89
18 70 74 58
19 78 54 81
18 96 16 53
56 68 69 66
8 73 69 51
38 70 40 34
54 77 66 22
34 100 69 50
19 64 76 20
78 50 67 73
69 94 52 88
72 42 52 12
30 38 49 58
92 23 18 17
72 25 44 10
86 19 90 2
5 48 76 45
7 3 14 62
65 52 57 83
52 86 67 64
90 49 89 21
3 39 54 27
5 39 22 49
60 70 55 82
30 81 43 10
76 79 8 37
23 99 95 13
95 92 61 42
89 13 4 55
74 24 67 67
6 98 33 67
68 13 85 36
24 21 65 42
4 49 81 66
2 21 81 24
76 31 95 100
38 4 100 1
28 68 79 78
53 7 88 67
79 10 17 18
21 50 95 70
36 34 100 51
39 14 51 15
77 94 86 82
5 42 93 52
10 45 77 52
42 31 8 52
21 83 44 78
57 95 5 95
1 47 98 90
44 75 21 32
58 74 22 1
60 96 45 78
75 23 14 7
92 56 39 25
26 63 48 76
43 43 57 14
58 87 77 98
49 64 27 71
6 13 47 47
44 67 100 94
57 23 62 49
56 32 60 12
35 33 18 15
79 24 100 61
67 92 97 100
42 69 17 67
98 41 40 84
75 83 73 16
88 99 39 44
80 86 40 98
75 71 4 29
16 94 71 45
16 70 95 21
97 44 65 21
56 32 19 78
44 72 14 78
80 32 59 79
89 77 15 23
15 96 12 18
8 10 25 4
43 26 51 96
64 90 15 82
95 40 88 29
93 36 30 51
21 80 46 96
33 63 30 3
30 98 12 97
39 30 60 38
46 88 73 34
66 77 61 19
37 94 92 54
100 48 9 2
17 55 99 31
96 51 90 50
94 52 60 74
57 91 87 67
81 68 78 45
85 11 60 38
95 39 8 29
75 85 13 99
100 65 51 46
11 16 65 39
18 50 29 19
80 76 48 64
83 60 16 2
32 74 63 80
17 10 21 87
57 19 98 61
62 85 45 20
20 70 83 25
54 44 39 16
100 25 77 1
66 38 2 52
43 87 87 79
10 81 63 82
83 6 18 11
65 58 29 2
63 37 56 58
15 56 63 98
46 70 10 38
44 3 90 18
11 95 34 7
39 71 77 70
99 69 75 94
65 100 45 2
62 26 7 69
43 55 97 100
10 75 23 82
16 55 63 46
52 49 80 97
44 60 59 96
82 43 73 74
78 28 85 85
79 52 91 91
64 83 87 44
18 47 23 56
26 51 94 71
26 58 43 96
57 71 22 52
32 86 84 53
54 5 44 29
27 52 1 89
33 48 55 98
78 70 52 33
94 37 34 89
38 87 13 45
43 74 71 52
91 45 3 78
69 18 84 79
12 26 13 40
2 92 25 13
73 25 97 51
82 30 1 15
26 78 91 66
80 23 5 33
40 36 94 88
32 75 71 63
15 53 89 46
77 53 25 72
9 10 22 77
93 7 40 55
35 30 72 21
37 94 81 54
45 13 94 85
13 93 33 100
26 79 96 54
76 35 51 50
21 4 49 86
86 63 14 76
21 25 35 79
1 22 14 19
56 86 71 65
54 12 84 70
11 57 30 5
91 48 3 52
73 21 36 33
39 86 13 22
100 70 32 49
66 10 71 41
39 71 78 89
6 42 14 25
31 78 80 54
10 73 94 16
81 81 32 36
94 31 42 73
87 1 52 26
38 17 37 94
91 85 26 100
17 41 15 58
14 10 12 21
84 81 41 30
10 92 54 56
48 38 64 34
52 24 64 63
2 40 47 96
39 72 48 30
43 96 61 75
60 79 19 8
5 3 26 17
61 23 31 31
45 12 90 22
5 21 48 39
100 24 2 73
34 60 36 19
66 10 28 15
20 31 78 32
17 46 30 46
56 27 96 94
93 91 13 56
84 5 3 14
59 37 79 7
43 54 17 73
68 22 10 6
100 92 88 55
57 86 78 5
47 51 31 60
85 68 76 100
70 11 32 83
80 81 37 32
4 88 51 98
92 58 67 39
74 34 95 11
75 89 22 83
30 78 53 39
89 6 97 88
48 5 46 2
56 9 5 12
71 37 29 27
21 98 93 12
23 49 53 98
21 46 90 22
90 40 91 84
41 94 27 67
49 40 7 58
66 91 80 54
22 44 63 99
70 27 72 28
90 52 36 59
30 9 99 7
38 87 91 54
96 55 51 75
49 41 80 77
61 71 17 50
96 54 49 96
78 48 6 92
68 27 53 35
88 96 47 26
67 77 83 9
73 65 73 37
53 3 20 52
14 20 73 94
28 99 33 76
92 75 40 26
14 99 76 41
96 27 28 74
96 79 47 31
37 14 5 75
14 1 52 98
74 68 85 56
81 79 42 5
24 48 36 15
76 65 24 86
25 94 78 84
88 20 21 33
66 86 43 40
74 42 37 26
8 77 28 25
81 95 3 44
98 16 97 8
24 79 16 64
33 1 17 70
12 41 69 61
17 85 54 34
61 94 71 24
53 85 85 6
80 60 10 24
46 36 94 55
10 2 33 64
75 62 88 52
18 9 61 81
35 51 29 77
40 42 41 42
95 69 94 8
8 1 58 88
74 77 74 36
92 27 26 6
56 61 62 52
20 36 37 31
43 65 48 28
72 50 81 67
2 49 92 100
32 97 81 33
92 7 63 45
95 80 8 39
76 46 100 47
10 98 45 97
63 44 54 98
7 29 72 8
39 7 63 54
80 63 55 51
40 47 99 63
67 90 8 49
74 27 23 79
38 86 50 7
33 61 57 21
76 60 90 5
45 60 48 60
79 15 29 91
23 68 57 30
24 88 60 71
32 5 38 27
49 77 55 49
80 69 44 42
22 91 59 18
64 92 7 72
63 37 16 44
77 39 98 89
75 32 45 57
55 7 75 16
39 25 95 12
17 23 46 41
64 21 94 28
10 73 7 5
50 66 23 61
2 89 97 8
43 57 69 92
45 62 8 9
85 32 5 80
77 85 47 48
50 31 36 20
73 70 74 93
89 92 65 55
92 69 95 96
11 90 97 70
90 74 75 86
20 66 13 75
12 8 59 96
95 39 78 22
29 36 11 1
74 24 77 67
11 79 59 27
93 90 54 44
19 12 55 17
88 93 46 26
62 27 94 57
59 26 77 33
33 38 47 70
8 92 100 27
1 12 48 43
21 91 50 44
72 88 51 34
18 4 13 70
49 99 74 63
40 52 32 71
7 17 1 76
29 64 21 63
19 97 23 25
69 9 9 79
17 12 19 7
95 26 31 87
89 21 33 25
17 67 78 10
56 32 46 29
87 43 14 12
34 78 66 61
76 68 34 39
93 68 59 69
49 22 76 53
36 53 8 11
70 42 6 78
2 7 82 96
30 60 66 35
77 82 80 26
65 87 5 33
20 9 65 33
49 4 35 54
45 90 59 1
49 71 12 57
100 70 92 96
47 52 58 9
26 51 64 79
68 23 83 32
74 54 21 47
69 33 6 83
100 68 1 12
31 15 9 78
87 80 58 100
3 58 55 27
20 70 34 98
97 78 96 60
86 48 56 16
60 50 78 44
28 5 79 11
34 3 29 54
95 3 19 50
74 84 32 61
70 88 69 35
87 23 82 71
16 45 35 83
43 75 74 59
65 58 47 65
71 21 23 91
94 65 46 32
77 12 70 76
32 10 10 2
94 71 54 90
84 34 63 51
53 2 18 92
55 83 51 40
21 95 76 12
88 16 59 63
98 3 47 31
65 19 28 41
70 17 93 96
44 57 98 13
6 3 90 75
62 7 64 61
38 66 100 79
29 33 82 95
90 58 28 72
86 5 88 25
24 89 3 19
37 87 22 63
29 88 75 79
39 7 79 60
93 22 27 14
47 9 80 67
25 18 5 68
52 54 54 84
61 34 69 63
72 98 41 34
8 62 60 25
91 48 5 9
95 74 17 54
13 64 13 82
52 50 93 33
3 54 63 2
79 55 87 59
1 43 89 80
98 66 26 10
39 96 69 35
92 19 89 12
96 21 5 80
66 20 50 59
34 87 59 94
47 73 48 62
30 32 94 33
8 13 24 16
43 28 16 58
42 47 28 65
82 24 51 80
46 69 93 71
9 45 16 40
86 82 4 60
65 50 2 6
16 53 78 33
33 50 84 95
29 40 43 26
38 9 53 62
22 55 56 66
52 46 39 98
82 44 94 13
75 74 3 33
1 31 97 6
56 63 48 94
6 30 67 100
39 3 48 6
55 95 15 46
33 9 48 1
32 43 62 55
4 68 98 42
40 66 66 56
34 65 34 6
3 16 23 46
26 4 59 73
80 78 39 65
28 89 26 65
36 13 32 72
51 85 23 14
10 54 92 80
57 10 20 68
10 90 38 91
16 77 78 72
18 99 50 23
17 78 2 80
89 16 64 55
18 4 2 62
48 90 53 54
24 49 94 61
48 11 55 38
16 4 57 36
83 24 77 68
24 11 78 70
97 100 50 6
69 50 67 89
18 83 61 79
11 28 82 97
79 29 31 53
46 12 34 92
63 31 10 91
9 33 72 39
76 91 82 4
85 52 9 13
84 59 100 64
35 71 5 31
65 93 43 77
11 98 8 15
39 83 48 46
28 66 9 24
55 13 76 84
38 44 46 73
85 13 38 37
61 59 82 13
19 56 78 28
96 9 58 52
19 72 39 27
38 1 11 69
42 86 78 15
81 91 63 40
27 98 4 100
38 55 19 63
68 22 6 91
47 83 33 57
36 25 72 67
59 2 62 14
78 77 53 63
40 81 26 70
66 49 78 80
73 98 45 44
38 36 37 95
100 86 53 25
24 14 26 10
47 64 58 71
35 77 12 81
56 9 17 60
19 40 98 33
71 21 31 41
29 14 20 74
93 44 62 35
89 99 2 14
63 40 15 87
69 73 96 16
86 5 78 80
21 22 78 21
6 53 100 32
21 97 59 92
9 59 49 64
15 79 33 7
91 10 5 4
9 64 25 25
46 38 43 92
73 55 29 37
76 36 8 87
50 21 24 79
75 83 44 54
51 83 40 59
81 41 49 56
15 94 22 71
64 34 70 70
42 8 55 86
11 86 5 51
6 25 88 27
59 92 21 12
18 68 3 9
45 2 11 28
17 34 37 92
86 54 12 25
20 88 55 99
16 61 57 65
30 76 49 10
28 19 34 3
14 39 46 48
4 81 12 23
44 1 49 97
66 73 79 29
18 29 78 35
17 31 93 100
34 90 7 18
34 31 14 41
63 44 12 47
42 92 46 39
4 42 92 7
32 20 13 59
54 48 67 13
30 54 2 44
13 2 87 57
66 74 71 12
22 1 98 40
6 10 60 82
53 61 41 29
6 69 80 9
73 22 4 18
91 30 3 32
73 4 10 59