3
5 4 10 2 10
21 2 1 2
18 3 2 3 5
16 4 2 3 4 5
14 4 2 3 4 5
27 1 0
32 5 0
29 2 0
20 3 1
21 3 1
23 5 1
15 5 1
26 3 0
30 4 0
19 1 0

10 10 100 2 10
21 4 1 2 8 9
19 6 3 4 5 6 9 10
23 5 1 3 4 7 8
24 8 1 2 3 4 5 6 8 10
22 4 1 3 4 5
30 5 2 5 7 8 9
27 7 2 3 4 5 7 9 10
29 6 2 3 4 5 6 8
17 4 1 6 9 10
25 6 2 4 5 8 9 10
29 6 1
16 9 0
22 10 0
14 3 0
28 8 1
29 9 1
27 9 1
20 1 0
16 3 0
16 6 0
21 3 0
29 2 1
25 3 1
24 2 0
32 2 1
30 8 1
14 1 0
29 10 1
26 7 1
28 10 1
23 4 1
19 1 0
17 7 0
27 7 1
32 1 0
14 5 0
20 5 0
17 5 0
18 9 0
24 1 1
17 10 0
19 8 0
26 8 1
21 10 0
30 6 1
17 6 0
18 1 0
19 6 0
16 5 0
33 2 1
18 3 0
32 6 1
25 6 1
27 8 1
16 1 0
22 2 0
15 8 0
21 7 0
30 2 1
26 2 1
28 1 1
29 5 1
27 6 1
14 10 0
30 3 1
23 9 0
18 2 0
22 9 0
25 8 1
25 2 1
33 5 0
23 6 0
23 1 1
28 4 0
31 1 1
31 6 1
14 6 0
18 7 0
22 8 0
24 5 1
30 1 1
28 3 1
18 8 0
23 10 0
27 10 1
21 4 1
19 3 0
14 7 0
31 4 0
32 7 1
31 7 1
14 2 0
27 3 1
32 5 0
29 1 1
14 8 0
14 9 0
29 7 1
27 5 1
31 9 1
31 3 1
33 4 0
21 8 0
27 4 1
22 4 1
20 10 0
14 4 0
27 1 1
17 9 0
24 7 1

10 5 100 2 14
21 4 1 2 8 9
19 6 3 4 5 6 9 10
23 5 1 3 4 7 8
34 8 1 2 3 4 5 6 8 10
22 4 1 3 4 5
34 7 1
24 4 1
30 7 1
38 5 1
31 4 1
27 9 1
32 4 1
28 2 1
25 4 1
40 5 1
29 7 1
46 10 1
24 2 1
40 6 1
32 9 1
28 4 1
27 3 1
25 7 1
16 8 1
45 5 1
23 8 1
24 8 1
46 5 1
23 2 1
31 9 1
28 9 1
23 1 1
32 3 1
39 6 1
36 3 1
32 2 1
33 3 1
22 8 1
34 1 1
45 10 1
26 7 1
24 9 1
19 1 0
17 7 0
27 7 1
32 1 1
14 5 0
20 5 0
17 5 0
18 9 0
24 1 1
17 10 0
19 8 1
26 8 0
21 10 0
30 6 0
17 6 0
18 1 0
29 9 1
19 6 0
16 5 0
33 2 1
18 3 0
32 6 0
25 6 0
23 4 0
27 8 0
16 1 0
22 2 1
15 8 1
29 6 0
21 7 0
28 10 0
30 2 1
26 2 1
28 1 1
29 5 0
27 6 0
14 10 0
30 3 1
23 9 1
18 2 0
22 9 1
25 8 1
25 2 1
33 5 0
23 6 0
31 1 1
31 6 0
14 6 0
18 7 0
24 5 0
30 1 1
28 3 1
18 8 1
23 10 0
27 10 0
21 4 0
19 3 0
14 7 0
32 7 1
31 7 1
14 2 0
32 5 0
29 1 1
